19
0
0
0
0
0
17
0
0
0
0
0
9
0
0
0
19
0
21
0
0
88
5
0
0
0
0
0
0
0
11
0
19
0
0
0
0
0
62
0
0
0
0
0
0
0
0
14
0
14
0
0
0
0
0
0
18
0
0
17
0
0
0
0
0
0
0
23
0
0
0
2
1
0
0
0
0
0
0
0
0
0
0
0
0
0
0
0
0
0
0
0
0
0
0
0
0
9
0
20
0
0
0
0
0
0
0
0
5
0
18
10
0
0
0
0
15
0
0
6
0
0
0
0
0
4
0
0
0
0
0
0
0
127
0
0
0
0
0
10
0
0
0
0
42
0
78
0
0
0
0
30
0
0
0
0
0
0
0
0
7
0
17
22
0
0
8
0
0
0
25
0
31
0
0
24
7
0
0
0
29
33
0
18
0
0
0
0
0
0
0
7
0
14
0
10
0
0
0
0
0
0
0
0
0
3
0
0
0
0
0
0
0
23
0
0
0
0
0
14
0
0
0
0
0
0
5
0
0
0
0
0
0
0
1
0
0
22
10
91
0
0
0
36
0
0
0
0
10
0
44
0
0
0
0
0
0
0
5
0
0
30
0
0
24
0
0
121
0
0
0
0
0
0
0
0
0
0
0
0
0
0
0
0
15
0
5
0
0
0
0
0
0
0
0
0
0
0
0
0
0
0
0
102
25
5
25
0
0
0
25
73
39
0
10
24
0
0
0
0
0
0
6
0
0
0
4
0
0
0
0
0
0
0
0
0
0
3
0
0
0
0
84
3
78
9
0
0
65
0
0
0
31
0
0
0
0
4
0
0
0
0
0
0
0
28
0
0
0
0
0
0
0
0
0
0
26
0
0
0
0
73
21
0
0
0
34
36
0
0
0
2
21
0
0
0
0
0
27
0
34
0
41
0
0
0
0
0
0
0
49
0
0
3
0
2
0
29
0
0
0
0
0
29
0
12
0
0
0
23
0
0
0
24
0
29
0
0
0
0
0
0
0
0
0
23
0
0
0
0
0
0
21
0
0
0
11
0
0
0
0
0
0
0
0
0
10
0
49
0
0
10
0
0
0
0
0
10
0
0
10
0
0
0
0
0
0
0
2
0
38
0
0
0
0
0
0
0
0
0
0
0
0
15
0
0
0
0
0
0
0
23
21
0
0
19
0
0
0
36
0
0
0
0
0
15
0
0
16
5
0
27
0
0
0
6
0
3
0
0
0
0
0
0
0
0
0
0
0
0
0
0
0
0
0
0
3
0
0
45
0
0
0
0
0
0
0
0
0
0
0
0
0
9
10
0
0
0
41
0
8
0
0
0
0
0
0
2
0
0
17
2
18
0
0
12
0
0
0
11
0
0
0
0
0
0
8
49
0
0
0
0
0
0
18
0
1
0
0
0
0
0
0
0
0
0
0
0
0
0
6
0
0
0
0
0
0
0
0
0
0
25
48
30
0
0
42
46
0
0
0
14
0
15
0
0
0
42
0
0
0
0
0
0
0
0
0
0
0
0
18
39
43
0
0
0
0
0
0
0
0
0
0
0
15
0
0
0
0
0
0
14
0
0
0
16
0
0
15
0
0
4
23
0
0
0
0
2
0
0
0
0
0
0
0
1
28
0
0
0
0
0
0
0
0
0
0
0
0
0
0
0
0
0
0
9
48
35
0
0
0
0
0
0
0
0
0
0
21
0
44
17
0
0
27
0
0
16
0
0
15
0
0
0
0
94
0
8
0
0
32
0
0
0
5
0
0
0
0
0
0
0
0
0
0
0
28
0
0
0
0
0
0
23
0
0
0
0
27
0
0
0
0
0
0
0
0
9
78
0
0
34
0
0
0
2
0
0
11
0
0
0
0
0
0
0
0
0
0
9
0
0
5
0
0
0
8
0
0
0
0
25
0
53
0
0
96
0
2
0
0
0
25
0
0
0
68
27
0
0
0
0
14
0
0
17
11
0
0
0
0
0
0
0
68
0
0
0
0
0
0
0
0
17
0
0
4
0
0
0
0
0
0
6
38
34
12
0
0
0
0
0
0
0
0
0
114
0
3
0
0
0
0
9
0
17
0
0
23
0
85
0
0
9
0
0
0
0
0
17
30
28
0
0
0
0
0
0
0
0
0
0
20
0
0
0
0
0
0
0
0
0
0
4
0
0
0
0
25
0
0
0
0
0
0
8
0
0
0
0
4
0
0
0
0
0
0
0
0
0
0
27
11
0
0
28
16
0
0
0
5
0
0
0
0
12
0
0
0
0
66
0
0
0
0
11
0
0
0
0
0
11
0
0
0
0
40
0
0
0
0
0
6
0
0
35
40
0
0
15
0
12
0
0
18
0
0
0
0
39
0
107
11
2
0
0
0
0
0
0
0
0
0
0
0
0
0
4
0
43
42
49
32
0
0
0
0
19
0
0
0
0
0
0
56
31
0
0
11
0
18
0
0
0
0
0
0
0
0
0
0
0
0
0
14
0
0
0
5
0
0
0
27
59
0
0
13
0
0
0
10
0
0
0
0
0
0
0
0
0
0
0
28
3
0
0
0
0
6
0
45
0
0
0
18
0
0
67
0
132
0
0
0
0
0
0
0
0
0
0
0
1
0
0
0
0
0
0
0
0
0
0
0
0
0
65
0
0
0
0
0
0
0
24
0
0
0
7
0
4
25
0
0
0
0
0
0
0
0
0
0
0
0
0
0
0
0
0
0
0
0
0
31
30
0
0
0
0
0
14
0
0
16
0
4
0
24
0
0
0
4
0
0
0
35
0
6
0
0
0
0
0
0
0
13
0
0
0
0
0
0
0
0
0
0
0
0
0
5
0
26
18
17
102
0
0
0
0
33
11
0
0
0
28
18
0
0
13
0
0
6
0
0
19
0
0
0
3
0
0
0
0
3
0
0
8
0
0
0
0
0
0
0
0
3
4
0
0
57
0
0
0
3
0
0
0
0
0
0
26
2
0
0
4
0
0
0
0
0
0
0
0
0
0
0
0
37
0
0
0
0
0
0
0
0
0
0
17
22
0
0
31
9
0
24
0
12
0
0
8
0
67
0
6
0
0
0
0
0
26
0
0
11
0
0
0
0
0
0
0
22
0
8
33
6
0
0
0
24
0
0
0
0
0
5
0
0
0
0
0
0
0
0
0
13
0
0
0
0
0
12
0
34
10
0
0
0
22
0
0
11
0
0
0
0
0
10
0
0
0
0
0
52
0
0
0
0
0
29
3
0
0
0
10
0
0
0
0
0
0
0
104
0
0
0
0
32
0
0
0
3
33
0
0
0
0
0
0
0
0
12
13
0
0
0
47
0
0
45
0
0
0
0
7
0
110
45
0
0
0
33
0
0
0
0
18
9
0
30
0
5
22
0
0
61
0
0
0
0
29
0
0
0
0
0
0
0
49
0
0
0
9
14
1
0
0
0
0
0
0
0
0
0
0
0
0
5
0
0
0
0
0
0
0
0
0
0
0
0
20
0
0
3
63
102
0
0
23
2
38
0
36
0
0
0
0
0
33
0
0
0
0
1
15
0
0
0
0
0
9
0
0
0
1
0
0
7
0
0
10
8
0
1
0
9
0
0
0
0
0
0
0
15
0
0
49
0
0
0
0
0
16
0
0
10
0
0
1
0
69
31
0
0
0
62
0
0
1
24
0
0
2
14
2
0
0
0
0
3
1
0
0
7
0
9
0
0
0
33
0
0
44
0
0
39
0
0
0
0
0
0
4
0
0
0
0
0
0
0
0
0
0
0
27
0
41
0
0
0
0
0
0
0
0
0
0
0
25
0
0
0
0
0
0
0
0
0
18
0
0
39
21
0
0
0
0
0
35
0
0
0
0
0
38
2
0
36
39
0
4
0
6
0
0
10
0
30
0
0
38
0
0
16
0
27
0
0
5
0
0
0
0
0
0
0
21
0
28
0
6
8
22
7
0
0
0
0
12
31
0
2
0
0
0
24
0
0
0
0
0
0
30
0
0
11
0
0
5
0
13
0
0
5
53
12
0
0
0
0
0
0
92
0
0
16
0
0
0
0
0
0
3
2
0
0
84
43
0
0
0
0
74
0
0
0
66
0
0
0
20
0
0
0
0
18
7
0
0
0
0
0
15
12
0
0
0
4
0
0
0
0
0
15
0
0
0
0
0
87
0
0
0
0
0
0
0
0
0
0
22
0
0
0
0
90
0
0
0
0
0
0
0
0
7
0
0
0
5
0
0
0
0
10
0
0
0
0
0
0
0
12
0
1
0
0
22
0
2
0
0
0
0
0
22
0
6
0
0
0
0
4
13
0
0
0
0
17
0
16
0
17
0
0
28
0
0
0
11
0
3
0
6
0
0
14
0
0
37
0
37
0
0
0
46
0
0
0
0
0
0
0
21
0
0
55
0
0
0
0
0
0
0
0
0
0
0
0
0
66
0
0
0
0
42
0
0
0
0
0
0
10
0
0
0
66
0
24
0
24
12
0
0
0
0
0
0
0
0
0
0
40
0
0
0
15
0
0
99
0
0
0
0
0
0
0
0
0
0
14
0
0
0
0
0
0
0
30
0
0
0
0
0
0
0
14
0
0
10
51
13
66
0
0
7
0
0
0
6
0
0
46
0
0
9
0
44
0
0
